0.013557344
0.037348281
0.064402083
0.143100052
0.060468906
0.236269375
0.001022448
0.148822708
0.130619479
0.10244276
0.024241354
0.119138958
0.011881354
0.016926146
-0.000333229
0.007485417
-0.002250729
0.086271667
0.005734531
0.058120885
0.137516823
-0.010419583
0.112531302
0.044598385
0.016989844
0.011747187
0.174894219
0.005015313
0.070293646
0.245490417
0.461158281
0.09536599
-0.003570729
0.18764875
0.064145313
0.049214792
0.159387188
-0.011022656
0.005395312
0.06944224
0.004260208
0.019326719
0.00449849
0.005615885
0.077781875
0.044257187
0.094094635
0.00449125
0.012690573
0.161755781
0.205449583
0.159339792
0.460295365
0.076234635
0.005735417
0.112684531
-0.010824792
0.01201651
0.059123333
0.012477188
0.01743401
0.002560521
0.011577135
0.284306198
-0.02672099
0.151084844
0.12033724
-0.004187604
-0.000744688
0.26760974
0.072051406
0.334394896
0.012483125
0.009768125
-0.000546458
0.007530365
0.005777292
-0.002418333
-0.009507604
-0.005641719
0.157527604
0.028526563
0.08076599
0.338327761
-0.009590313
0.014725156
0.008145052
0.06925
0.107104167
0.079150521
-0.011954167
0.118950365
0.124426823
0.006347292
0.000973021
0.48412849
-0.00948125
0.005492969
0.008243021
0.270097188
-0.002257448
0.007372187
0.458846042
0.000477917
0.088428698
0.111276615
0.104332708
0.095368125
0.157591458
5.42E-06
0.066469948
0.020170521
0.07168724
0.071124063
-0.004030365
0.122158854
0.012192552
0.1406525
0.006022552
0.212616563
0.008866875
-0.00148625
0.074932344
0.312771458
0.159701823
0.001648542
-0.032904271
0.034341354
0.011061354
0.014978333
0.002687031
0.118981094
0.10209526
0.119490208
-0.013806146
0.082440469
0.013337188
0.014576094
0.161771823
0.02258375
0.123647396
0.013493594
0.007094063
0.007297969
0.044479063
0.008998281
0.009018906
0.009660365
0.00982625
0.184697031
0.168979896
0.048128177
0.410986042
-0.003372135
0.001941823
0.164844792
0.127222917
-0.033005104
0.182248438
0.107444427
0.078835312
0.362218438
0.106311458
0.019045208
0.224474792
-0.003423385
-0.013416458
-0.009903281
0.149386875
0.147758385
0.113852396
0.108062135
0.244283125
0.263542865
-0.009802083
-0.007199323
0.157937969
0.225970313
-0.005244531
0.179354219
0.362786823
0.037164479
0.100686094
0.181069115
0.004020208
0.092140729
0.009723594
0.097655937
0.005803542
0.216062865
-0.005977448
0.185142708
0.06493875
0.005024479
0.059758542
0.148906771
0.250247656
0.211077344
-0.002046667
0.005972344
0.08785776
0.196501562
-0.013614375
-0.004831146
0.004695052
0.082395781
0.236612656
-0.005652083
0.007143281
0.011420208
0.059502969
0.012570677
0.005026302
0.07680349
0.543456302
0.00347099
0.015132969
0.050292708
0.009925729
0.00148
0.353191927
0.067480469
0.011352813
0.007266615
0.012581979
0.129690573
0.557362605
0.077436771
0.089495
0.105412969
0.072971146
0.002127135
0.008067031
0.012657135
0.214820573
0.078770469
0.273361094
-0.045546302
0.004554688
0.013165208
0.167475521
0.075645208
-0.046296719
0.172618021
0.073364583
0.179935312
0.051530521
-0.020140781
0.230086354
0.08412151
-0.00053526
0.127008698
0.023709115
0.088667865
0.047620156
0.001631198
-0.003338021
0.007012396
-0.006830677
-0.00013224
0.090366771
0.003849219
-0.012581146
0.07056276
-0.015479531
0.354620052
0.179287865
0.007074531
0.019717083
0.011352708
0.256518021
-0.010523437
-0.00289724
0.167796094
0.107213073
0.334823229
0.000279844
0.180769635
0.039600208
0.148056042
-0.010289896
0.184766771
0.016753281
0.065062708
0.178044479
0.015354323
0.041327604
0.067100729
0.012536719
0.019841875
0.1557225
0.120114479
0.015095677
-0.001931563
0.038147969
-0.009202813
-0.011196198
0.163248229
0.09001151
0.006756927
0.456904532
-0.006505
0.085662188
0.24282573
0.003905521
0.096400885
0.032336458
0.016159167
0.001077135
-0.007714219
-0.017177865
0.13544526
0.063497917
0.44033823
0.044843333
0.076260781
-0.023147083
0.05082099
0.011162656
-0.036701615
0.091296042
0.104848333
0.12783026
-0.01103276
-0.000874531
0.126316042
0.144223906
-0.005241302
0.002504167
0.004720521
0.018095885
0.006806563
0.013464063
-0.008960417
0.112425365
-0.003036094
0.623794167
0.052651406
-0.002845885
0.009464323
0.155333646
-0.00906401
0.006282083
0.01360776
0.001381146
0.117260104
0.003381563
0.136010521
0.002865208
-0.027686771
-0.006078698
0.071546615
0.011903437
0.258491354
0.011609063
0.022532865
0.115949115
0.229047083
0.143221094
0.061627917
-0.01985474
0.018657188
-0.00320125
-0.016924115
0.007081615
-0.012241823
0.007891719
-0.000486146
-0.017033646
0.078839479
0.016665625
0.01982776
0.01659625
0.067882396
0.09429349
-0.013897656
0.240920104
0.313135885
0.113769688
-0.003763906
0.211995781
0.023966719
0.002505312
-0.015861719
0.188630208
0.087825729
0.020000052
0.025729792
0.407760834
-0.00309
0.00749401
-0.024706979
0.014559167
0.266404479
-0.00060349
0.084141042
0.021780156
0.148573125
0.185881823
0.246500729
0.175813906
0.155059531
0.003343073
0.078389375
-0.011388958
0.115252552
0.117285156
-0.000715937
0.011140156
0.224238073
0.085136198
0.079657656
0.002340469
0.375548959
0.017836042
0.038081875
0.001376719
0.246965625
0.020293385
0.124724219
0.083373333
0.075496771
0.139271094
0.064178073
0.224013333
0.064959896
0.005601667
0.020576667
0.194990938
-0.006868542
0.06953974
0.283377656
-0.002491406
0.045069583
-0.013334583
0.025526615
-0.01043375
0.026685104
-0.001545729
0.044065938
0.008721927
0.056465885
0.07002724
0.163581719
0.083413594
0.0991625
0.069413906
-0.007646406
0.102342031
-0.014957708
0.278997292
0.001439479
0.225988333
0.179815313
0.015668229
0.066637604
-0.001289635
0.101896823
-0.015507083
0.115815938
0.110852656
0.006677031
0.001349219
0.216222865
0.098801979
0.077659635
0.159470938
0.065356823
-0.002351875
0.13839401
0.394175052
0.035739479
0.140026406
0.012338333
0.030504635
-0.00648349
0.079834948
0.015081563
0.02127651
0.128810833
0.101378385
0.064659323
0.119946615
-0.008149063
0.076342083
0.041063698
0.115878906
0.157318125
0.254791198
0.033917396
-0.013485833
0.002186198
-0.006022708
-0.00213849
0.227573073
0.002042969
0.130042135
0.063436146
-0.011447552
0.00268526
0.163834219
0.134814063
0.108116302
0.08477349
-0.002095625
0.23378849
0.168229323
0.001059687
0.030339792
0.14832724
-0.005288229
0.015198281
0.321627396
0.200922552
0.240005833
-0.005461146
0.075313125
-0.009095938
0.140078021
0.173565469
-0.002485104
0.01121974
0.161644427
0.105309792
0.004352344
-0.007587448
0.150235521
-0.009044948
0.243901042
0.068453021
0.043054687
0.126649896
0.151871458
0.006120625
0.36797349
0.004885313
-0.0130575
0.090485417
0.158231771
0.000229948
0.123953125
0.007045521
0.035726563
0.142559427
0.03569625
-0.003049219
0.12635901
0.053441406
0.197128229
0.013367292
0.299120417
0.121767344
0.002027969
0.034138958
0.003421979
0.09787875
-0.01994349
0.123520938
0.025892187
0.006678542
0.047890104
0.067504844
0.007877396
0.002083594
0.019649948
0.017500677
0.02939849
0.008554635
0.126736823
0.374511927
0.099950781
0.09681724
0.255006667
0.129350833
0.084590417
0.160860313
0.064785938
-0.004341979
0.183303542
0.119367865
-0.003275677
0.017212604
0.002366198
0.197146146
0.001180156
0.136243958
-0.023839531
0.045657031
0.149952135
0.120956146
0.001421458
0.165861719
0.017686771
0.055129062
0.00051401
0.084201458
0.02764776
0.147470417
0.124606354
0.094234167
0.004046667
0.125836354
0.059827917
0.004931458
0.04837875
0.003248542
0.000272917
0.080204896
0.012048906
0.06763151
0.210297031
0.047393073
0.026342552
0.066862448
-0.000311979
0.044023802
0.076563802
-0.003750417
-0.000536354
0.174722083
0.002351406
0.229179427
0.291447084
-0.003231875
0.024343229
-0.001452448
0.00162474
0.03748526
0.000751823
0.002822656
0.05289099
-0.012751458
-0.011974219
-0.005879271
0.010295312
-0.007475156
0.095311667
0.14966401
0.080900781
0.063210677
0.000258229
0.169214531
0.008209688
0.003548906
0.199279062
0.025874271
-0.002027865
0.09898474
0.03560901
-0.002497448
0.015030781
-0.002459896
0.006733594
-0.006823073
-0.003983802
-0.007435469
0.000473333
0.184610781
-0.01442375
0.088280938
0.213270313
0.014129583
0.310669896
0.268491094
0.110287396
0.009153021
0.121635781
-0.007911667
0.004686094
-0.001931667
0.052111458
0.091094583
0.247853854
0.124825833
0.000628021
0.12782026
0.20320151
0.005742917
-0.023603177
-0.006521042
0.247698177
0.05017151
0.05670375
0.000621615
0.184256875
0.004612135
0.127175677
0.01746349
0.006850052
0.08448375
0.090079896
0.137851563
-0.018344375
0.109191198
0.156561094
-0.003306354
0.003794167
0.013981562
0.000190417
-0.012215156
0.282197344
0.262669375
0.087438229
0.114634271
-0.001064688
0.024014583
0.01541224
0.055842813
0.001870781
0.332111667
0.012391719
-0.006877604
0.115949635
0.021509792
0.267938802
-0.000845
0.009961354
0.102944219
0.003055833
-0.006003802
-0.01835974
-0.000365833
0.155346615
0.077457969
0.009562708
0.011100417
-0.012846354
-0.004038021
0.173615417
-0.02138526
0.0363025
0.000572187
0.178135677
0.323421094
0.010320469
0.003796667
0.110283229
0.010363073
0.018247031
0.005634635
0.018373958
0.194150885
0.015048333
0.010266771
9.91E-05
-0.003767656
-0.008399167
-0.018415
0.127242552
0.134845885
0.090592448
0.100145365
0.216357135
0.000474167
-0.014189115
0.045282656
0.013189635
-0.014524844
0.002249635
-0.011007708
0.120209688
0.076998646
0.029530625
0.20260974
-0.001691667
0.056005573
-0.022987969
0.243432708
0.083663021
0.129927604
-0.004721823
0.120843281
0.072314271
-0.007476198
0.234151354
-0.005105937
-0.006565781
0.107803542
-0.007830729
0.022272813
0.010445885
0.040777604
0.148796458
-0.011626771
-0.001175052
0.162434375
0.000671667
0.013438802
-0.006438229
0.059697031
0.111598385
0.183491458
0.035274219
0.100837135
-0.006663333
0.339846511
0.311760625
0.064000573
0.132208281
0.111678646
0.073893177
0.088716354
0.16263099
-0.010123437
0.018486094
0.09251349
0.002078802
0.084031615
0.084312865
0.001900156
0.004797865
0.001867135
0.184319115
0.011906302
0.202101979
0.033124271
-0.013196615
0.000141302
0.105472292
0.116390573
0.005279479
0.103379479
0.11982651
0.11482849
0.085232917
0.008361667
0.189075885
0.272738698
0.095894115
0.17998099
-0.011774219
0.008051354
0.090487292
0.054247083
-0.01226599
-0.013377708
0.00475474
-0.003190365
0.000823229
0.260624167
0.175979635
0.068147552
0.016546146
0.00937974
-0.029281771
0.057698958
-0.004049219
0.027218802
0.097364219
-0.010026094
0.054540156
-0.004245833
0.205329427
0.046211771
0.157213854
0.19209349
0.013371302
0.022059531
0.092874115
0.010809948
0.104296094
0.104272917
0.083101719
0.103273073
0.005123177
0.006848073
-0.003918437
0.005991042
0.495797084
0.262989219
0.077365521
-0.003090677
0.201808802
-0.002403385
0.291503698
0.088078646
0.162640938
0.075611927
0.002152917
0.16594151
0.129313958
0.059193906
0.147392865
0.044002083
0.044824219
0.076754948
0.05548
0.015681354
0.186634896
-0.015669219
0.122743021
0.073976146
0.088609844
0.178877031
0.000289531
0.092676198
-0.001010937
0.151826875
0.13438901
-0.007951042
0.00687375
0.017474531
0.175850677
0.063961146
0.001384948
-0.009639323
-0.015269635
0.180868594
0.31105349
0.004591823
0.015180781
9.62E-05
0.001737917
0.082749635
0.010779688
0.012507292
-0.019996406
-0.016073594
0.042123177
0.007226302
0.039375938
0.02397375
0.023526823
0.09932401
0.01358401
0.02781
0.216725677
0.122290573
0.336283177
0.153487604
-0.00893276
0.083268229
0.009049427
-0.013252396
0.025794792
0.098674583
0.009626094
0.001218594
0.008676719
0.007022813
-0.0022475
0.133768438
0.005068177
-0.011718698
0.024449323
0.108383073
0.036918438
0.00068349
0.259782344
0.023437083
-0.005913385
0.002321719
0.046279427
0.085687031
-0.001637604
0.142664844
-0.027778385
0.013360677
0.086627813
0.323724115
0.122539167
0.076835625
0.004287187
0.076728594
-0.003381563
0.204436302
0.219681875
0.021146615
0.105919531
0.059041042
0.251265938
0.014978437
0.191141406
-0.000770208
0.138910469
0.116707135
0.017977656
0.060254896
0.002937656
0.157574063
0.123726302
0.013901094
0.237648073
0.149142917
0.058854375
0.220648698
0.230815781
0.169752552
0.298200469
0.088020469
0.038914896
0.006549375
0.179763854
0.006921094
0.01001526
0.046168594
-0.003674115
0.001536875
0.006765677
-0.021916042
